-4300.000000
-4249.796875
-4199.985352
-4150.564453
-4101.532715
-4052.888184
-4004.629883
-3956.755859
-3909.264404
-3862.154541
-3815.424316
-3769.072754
-3723.097168
-3677.497070
-3632.270996
-3587.416748
-3542.932861
-3498.818115
-3455.071045
-3411.689697
-3368.672852
-3326.018799
-3283.726074
-3241.793457
-3200.218750
-3159.000977
-3118.138184
-3077.629395
-3037.472412
-2997.666260
-2958.209229
-2919.099365
-2880.335693
-2841.916504
-2803.840332
-2766.105225
-2728.709961
-2691.653320
-2654.933105
-2618.548584
-2582.497559
-2546.778564
-2511.390137
-2476.330811
-2441.599121
-2407.193359
-2373.112305
-2339.354004
-2305.917236
-2272.800049
-2240.001465
-2207.519775
-2175.353027
-2143.500244
-2111.959717
-2080.729492
-2049.808838
-2019.195435
-1988.888184
-1958.885498
-1929.185791
-1899.787354
-1870.688965
-1841.888916
-1813.385620
-1785.177734
-1757.263550
-1729.641602
-1702.310303
-1675.268311
-1648.513794
-1622.045288
-1595.861572
-1569.960571
-1544.341309
-1519.001831
-1493.940796
-1469.156494
-1444.647705
-1420.412598
-1396.449829
-1372.757690
-1349.334839
-1326.179565
-1303.290405
-1280.665894
-1258.304321
-1236.204346
-1214.364136
-1192.782471
-1171.457764
-1150.388428
-1129.572876
-1109.009644
-1088.697144
-1068.633789
-1048.818237
-1029.248657
-1009.923889
-990.842041
-972.001770
-953.401550
-935.039734
-916.914856
-899.025391
-881.369751
-863.946472
-846.753906
-829.790649
-813.055115
-796.545715
-780.260986
-764.199341
-748.359253
-732.739197
-717.337708
-702.153137
-687.183960
-672.428711
-657.885742
-643.553589
-629.430786
-615.515747
-601.806885
-588.302673
-575.001587
-561.902100
-549.002686
-536.301819
-523.797974
-511.489532
-499.375000
-487.452881
-475.721588
-464.179626
-452.825439
-441.657501
-430.674255
-419.874176
-409.255737
-398.817383
-388.557587
-378.474823
-368.567566
-358.834229
-349.273315
-339.883270
-330.662598
-321.609711
-312.723114
-304.001221
-295.442566
-287.045563
-278.808685
-270.730408
-262.809174
-255.043442
-247.431717
-239.972443
-232.664078
-225.505081
-218.493927
-211.629089
-204.908997
-198.332153
-191.897003
-185.602005
-179.445633
-173.426361
-167.542633
-161.792923
-156.175690
-150.689392
-145.332520
-140.103516
-135.000839
-130.022980
-125.168365
-120.435478
-115.822792
-111.328766
-106.951851
-102.690521
-98.543236
-94.508476
-90.584686
-86.770332
-83.063881
-79.463806
-75.968552
-72.576607
-69.286415
-66.096451
-63.005165
-60.011040
-57.112534
-54.308098
-51.596214
-48.975334
-46.443928
-44.000458
-41.643387
-39.371181
-37.182304
-35.075218
-33.048389
-31.100279
-29.229355
-27.434076
-25.712912
-24.064323
-22.486774
-20.978729
-19.538654
-18.165009
-16.856262
-15.610874
-14.427310
-13.304035
-12.239512
-11.232205
-10.280579
-9.383097
-8.538222
-7.744421
-7.000154
-6.303888
-5.654086
-5.049212
-4.487731
-3.968106
-3.488801
-3.048281
-2.645009
-2.277450
-1.944066
-1.643323
-1.373685
-1.133615
-0.921577
-0.736036
-0.575455
-0.438298
-0.323030
-0.228114
-0.152014
-0.093195
-0.050120
-0.021253
-0.005058
-0.000000
-0.004542
-0.017149
-0.036283
-0.060411
-0.087994
-0.117498
-0.147386
-0.176122
-0.202171
-0.223996
-0.240061
-0.248831
-0.248769
-0.238339
-0.216006
-0.180233
-0.129484
-0.062224
0.023084
0.127976
0.253988
0.402655
0.575514
0.774100
0.999951
1.254600
1.539585
1.856442
2.206707
2.591915
3.013603
3.473306
3.972561
4.512904
5.095870
5.722996
6.395817
7.115870
7.884690
8.703815
9.574780
10.499116
11.478368
12.514067
13.607747
14.760950
15.975206
17.252054
18.593031
19.999670
21.473515
23.016088
24.628937
26.313587
28.071583
29.904463
31.813751
33.800995
35.867729
38.015488
40.245800
42.560204
44.960251
47.447456
50.023365
52.689522
55.447449
58.298687
61.244774
64.287239
67.427628
70.667465
74.008308
77.451675
80.999100
84.652122
88.412285
92.281120
96.260162
100.350937
104.555008
108.873886
113.309120
117.862228
122.534767
127.328270
132.244263
137.284302
142.449890
147.742584
153.163925
158.715424
164.398651
170.215134
176.166382
182.253967
188.479385
194.844208
201.349945
207.998154
214.790375
221.728119
228.812912
236.046341
243.429932
250.965164
258.653625
266.496826
274.496338
282.653687
290.970337
299.447937
308.087921
316.891907
325.861389
334.997925
344.303009
353.778198
363.425049
373.245087
383.239838
393.410889
403.759644
414.287781
424.996765
435.888153
446.963501
458.224304
469.672089
481.308411
493.134857
505.152893
517.364136
529.769958
542.372070
555.171936
568.171143
581.371155
594.773438
608.379700
622.191406
636.210083
650.437256
664.874512
679.523315
694.385254
709.461792
724.754639
740.265137
755.994873
771.945496
788.118347
804.515137
821.137329
837.986450
855.064087
872.371704
889.910828
907.683105
925.689941
943.932983
962.413696
981.133728
1000.094421
1019.297485
1038.744385
1058.436646
1078.375854
1098.563354
1119.000977
1139.690186
1160.632324
1181.829102
1203.281860
1224.992432
1246.962158
1269.192627
1291.685425
1314.441895
1337.463867
1360.752686
1384.309814
1408.136963
1432.235596
1456.607422
1481.253540
1506.175781
1531.375854
1556.854980
1582.614746
1608.656738
1634.982544
1661.593628
1688.491699
1715.678101
1743.154297
1770.922119
1798.982788
1827.338013
1855.989380
1884.938721
1914.186646
1943.735352
1973.586426
2003.740967
2034.200928
2064.967773
2096.042725
2127.427979
2159.124268
2191.133789
2223.457520
2256.097412
2289.054932
2322.331543
2355.928711
2389.848145
2424.091309
2458.659668
2493.554688
2528.778320
2564.331543
2600.216064
2636.433838
2672.985840
2709.874023
2747.099609
2784.664307
2822.569580
2860.817139
2899.408447
2938.344727
2977.627930
3017.259033
3057.240234
3097.572998
3138.258301
3179.298096
3220.694092
3262.447510
3304.559814
3347.032959
3389.867676
3433.066406
3476.630371
3520.561035
3564.859863
3609.528564
3654.568848


10300.000000
10138.562500
9979.039063
9821.414063
9665.673828
9511.802734
9359.783203
9209.604492
9061.248047
8914.701172
8769.947266
8626.972656
8485.762695
8346.301758
8208.576172
8072.571777
7938.272461
7805.666016
7674.736328
7545.469727
7417.852051
7291.869141
7167.506836
7044.750977
6923.587891
6804.002930
6685.982910
6569.514160
6454.583008
6341.174805
6229.276367
6118.875488
6009.956543
5902.507813
5796.514648
5691.964844
5588.844727
5487.141113
5386.840820
5287.930176
5190.397461
5094.229004
4999.411621
4905.933105
4813.780762
4722.941406
4633.402832
4545.152344
4458.177246
4372.465332
4288.003906
4204.781250
4122.784668
4042.001709
3962.420898
3884.029541
3806.816162
3730.768799
3655.874756
3582.123047
3509.501709
3437.999023
3367.603027
3298.302490
3230.085938
3162.941650
3096.858398
3031.824951
2967.829834
2904.861816
2842.909668
2781.962646
2722.009521
2663.039307
2605.041016
2548.003906
2491.917480
2436.770508
2382.552734
2329.253174
2276.861572
2225.367432
2174.760254
2125.029785
2076.165527
2028.157471
1980.995361
1934.669189
1889.168701
1844.484009
1800.605347
1757.522705
1715.226074
1673.706177
1632.953125
1592.957275
1553.708862
1515.198730
1477.417358
1440.355469
1404.003418
1368.352295
1333.392822
1299.115723
1265.511963
1232.572876
1200.289185
1168.652100
1137.652832
1107.282593
1077.532715
1048.394531
1019.859497
991.919067
964.564880
937.788513
911.581604
885.935852
860.843140
836.295349
812.284302
788.802063
765.840576
743.392090
721.448669
700.002502
679.046021
658.571411
638.571289
619.037964
599.963928
581.341980
563.164551
545.424561
528.114685
511.227753
494.756714
478.694519
463.034180
447.768799
432.891571
418.395599
404.274261
390.520844
377.128723
364.091370
351.402313
339.055176
327.043488
315.361053
304.001587
292.958954
282.226990
271.799652
261.670990
251.835022
242.285934
233.017883
224.025131
215.302002
206.842865
198.642181
190.694427
182.994171
175.536041
168.314713
161.324951
154.561554
148.019394
141.693405
135.578583
129.669952
123.962662
118.451874
113.132835
108.000847
103.051254
98.279495
93.681038
89.251442
84.986313
80.881325
76.932198
73.134720
69.484749
65.978210
62.611061
59.379345
56.279163
53.306675
50.458107
47.729729
45.117897
42.619011
40.229542
37.946014
35.765022
33.683212
31.697302
29.804066
28.000336
26.283012
24.649052
23.095476
21.619368
20.217867
18.888180
17.627573
16.433372
15.302967
14.233809
13.223407
12.269335
11.369229
10.520784
9.721759
8.969971
8.263299
7.599689
6.977139
6.393718
5.847550
5.336824
4.859787
4.414751
4.000086
3.614226
3.255667
2.922964
2.614734
2.329658
2.066475
1.823988
1.601059
1.396613
1.209637
1.039179
0.884347
0.744312
0.618306
0.505622
0.405616
0.317703
0.241361
0.176130
0.121610
0.077464
0.043413
0.019245
0.004805
0.000000
0.004801
0.019237
0.043401
0.077447
0.121590
0.176105
0.241332
0.317668
0.405576
0.505578
0.618256
0.744256
0.884285
1.039111
1.209562
1.396531
1.600969
1.823890
2.066369
2.329543
2.614610
2.922829
3.255522
3.614070
3.999918
4.414570
4.859593
5.336617
5.847329
6.393481
6.976887
7.599418
8.263012
8.969664
9.721434
10.520439
11.368862
12.268947
13.222994
14.233372
15.302505
16.432884
17.627056
18.887636
20.217293
21.618763
23.094841
24.648382
26.282307
27.999596
29.803295
31.696493
33.682365
35.764133
37.945084
40.228569
42.617992
45.116833
47.728615
50.456940
53.305462
56.277901
59.378025
62.609680
65.976776
69.483261
73.133163
76.930580
80.879646
84.984573
89.249634
93.679153
98.277534
103.049225
107.998734
113.130661
118.449623
123.960327
129.667526
135.576065
141.690811
148.016724
154.558777
161.322083
168.311768
175.532990
182.990997
190.691147
198.638824
206.839401
215.298416
224.021439
233.014069
242.281998
251.830994
261.666809
271.795380
282.222565
292.954407
303.996918
315.356262
327.038574
339.050079
351.397125
364.085999
377.123199
390.515137
404.268433
418.389648
432.885437
447.762543
463.027710
478.687897
494.749939
511.220795
528.107544
545.417236
563.157104
581.334290
599.956055
619.029907
638.563049
658.562988
679.037354
699.993652
721.439575
743.382813
765.831116
788.792358
812.274414
836.285217
860.832825
885.925293
911.570801
937.777466
964.553589
991.907593
1019.847717
1048.382446
1077.520386
1107.270020
1137.640015
1168.639038
1200.275879
1232.559204
1265.498047
1299.101563
1333.378296
1368.337524
1403.988403
1440.340088
1477.401733
1515.182861
1553.692627
1592.940674
1632.936157
1673.689087
1715.208618
1757.504761
1800.587158
1844.465576
1889.149902
1934.649902
1980.975830
2028.137573
2076.145264
2125.009033
2174.739258
2225.346191
2276.839844
2329.230957
2382.530273
2436.747803
2491.894287
2547.980469
2605.017090
2663.014893
2721.984619
2781.937256
2842.884033
2904.835693
2967.803223
3031.798096
3096.831055
3162.913818
3230.057617
3298.273926
3367.573975
3437.969482
3509.471680
3582.092529
3655.843750
3730.737061
3806.784180
3883.997070
3962.387695
4041.968262
4122.750488
4204.746582
4287.969238
4372.431152
4458.142090
4545.117188
4633.367188
4722.904785
4813.743652
4905.895508
4999.373535
5094.189941
5190.357910
5287.890625
5386.800293
5487.100098
5588.803223
5691.923340
5796.472656
5902.464355
6009.912598
6118.830566
6229.231934
6341.128906
6454.536621
6569.467285
6685.935059
6803.954590
6923.538574
7044.701172
7167.456543
7291.818359
7417.800293
7545.417480
7674.683594
7805.612793
7938.218750
8072.516602
8208.521484
8346.245117
8485.706055
8626.915039
8769.888672
8914.641602
9061.188477
9209.543945
9359.722656
9511.740234
9665.611328
9821.350586
9978.974609
10138.497070


6000.000000
5888.766113
5779.054199
5670.850098
5564.141602
5458.914063
5355.153809
5252.848633
5151.983398
5052.546387
4954.522461
4857.900391
4762.665039
4668.804688
4576.305176
4485.155273
4395.339844
4306.847656
4219.665039
4133.780273
4049.179443
3965.850342
3883.780518
3802.957520
3723.368896
3645.001953
3567.844727
3491.884766
3417.110352
3343.508301
3271.067383
3199.776123
3129.620850
3060.591309
2992.674561
2925.859863
2860.134766
2795.487549
2731.907471
2669.381836
2607.899902
2547.450439
2488.021240
2429.602295
2372.181641
2315.747803
2260.290527
2205.798340
2152.260010
2099.665283
2048.002441
1997.261475
1947.431396
1898.501465
1850.461182
1803.300049
1757.007446
1711.573242
1666.986572
1623.237549
1580.316040
1538.211670
1496.914063
1456.413574
1416.700439
1377.764038
1339.594971
1302.183350
1265.519409
1229.593506
1194.395996
1159.917358
1126.148071
1093.078613
1060.699829
1029.002197
997.976685
967.613892
937.904907
908.840576
880.411621
852.609619
825.425415
798.850098
772.875122
747.491577
722.691040
698.464844
674.804565
651.701538
629.147583
607.134155
585.653259
564.696594
544.255981
524.323425
504.890686
485.950073
467.493530
449.513428
432.001648
414.950745
398.353027
382.200806
366.486633
351.203064
336.342712
321.898132
307.862183
294.227478
280.987000
268.133545
255.660156
243.559814
231.825684
220.450806
209.428467
198.751892
188.414490
178.409607
168.730713
159.371277
150.324890
141.585205
133.145996
125.000946
117.143921
109.568726
102.269440
95.239990
88.474426
81.966949
75.711700
69.702942
63.935028
58.402313
53.099213
48.020264
43.160004
38.513092
34.074188
29.838013
25.799438
21.953278
18.294495
14.818054
11.519043
8.392578
5.433777
2.637939
0.000366
-2.483612
-4.818588
-7.009018
-9.059402
-10.974136
-12.757507
-14.413834
-15.947311
-17.362076
-18.662216
-19.851746
-20.934662
-21.914825
-22.796112
-23.582291
-24.277046
-24.884079
-25.406960
-25.849228
-26.214348
-26.505737
-26.726738
-26.880646
-26.970680
-27.000000
-26.971718
-26.888870
-26.754440
-26.571350
-26.342445
-26.070526
-25.758327
-25.408520
-25.023724
-24.606476
-24.159271
-23.684536
-23.184639
-22.661880
-22.118500
-21.556684
-20.978550
-20.386154
-19.781498
-19.166517
-18.543077
-17.913002
-17.278032
-16.639862
-16.000122
-15.360376
-14.722131
-14.086826
-13.455852
-12.830522
-12.212099
-11.601781
-11.000705
-10.409945
-9.830515
-9.263368
-8.709394
-8.169424
-7.644225
-7.134502
-6.640904
-6.164011
-5.704347
-5.262373
-4.838487
-4.433028
-4.046273
-3.678435
-3.329670
-3.000069
-2.689662
-2.398419
-2.126249
-1.872996
-1.638448
-1.422326
-1.224293
-1.043950
-0.880836
-0.734429
-0.604145
-0.489338
-0.389303
-0.303272
-0.230414
-0.169839
-0.120595
-0.081669
-0.051984
-0.030404
-0.015731
-0.006706
-0.002008
-0.000254
-0.000000
0.000258
0.002088
0.007118
0.017037
0.033596
0.058607
0.093946
0.141546
0.203405
0.281582
0.378194
0.495425
0.635516
0.800771
0.993556
1.216298
1.471485
1.761666
2.089453
2.457519
2.868597
3.325484
3.831035
4.388170
4.999868
5.669170
6.399179
7.193059
8.054036
8.985396
9.990489
11.072724
12.235573
13.482568
14.817303
16.243435
17.764679
19.384815
21.107685
22.937185
24.877285
26.931999
29.105425
31.401703
33.825043
36.379715
39.070045
41.900436
44.875340
47.999268
51.276810
54.712582
58.311302
62.077721
66.016663
70.133026
74.431747
78.917831
83.596344
88.472427
93.551262
98.838104
104.338272
110.057137
116.000137
122.172775
128.580612
135.229263
142.124420
149.271820
156.677261
164.346619
172.285843
180.500900
188.997833
197.782776
206.861908
216.241455
225.927689
235.927002
246.245819
256.890594
267.867920
279.184326
290.846527
302.861267
315.235260
327.975464
341.088684
354.581970
368.462341
382.736877
397.412720
412.497131
427.997375
443.920776
460.274780
477.066772
494.304352
511.995087
530.146606
548.766724
567.863037
587.443481
607.515930
628.088379
649.168823
670.765259
692.885986
715.539063
738.732910
762.475647
786.775818
811.641846
837.082153
863.105469
889.720215
916.935303
944.759338
973.201172
1002.269714
1031.973877
1062.322632
1093.325195
1124.990479
1157.327759
1190.346313
1224.055420
1258.464478
1293.582764
1329.420044
1365.985718
1403.289429
1441.340820
1480.149536
1519.725586
1560.078613
1601.218872
1643.156006
1685.900146
1729.461426
1773.850098
1819.076294
1865.150391
1912.082520
1959.883301
2008.563354
2058.132813
2108.602539
2159.983398
2212.285645
2265.520020
2319.697998
2374.830078
2430.927002
2488.000244
2546.060791
2605.119629
2665.187988
2726.277100
2788.398438
2851.563477
2915.783691
2981.070313
3047.435059
3114.889648
3183.445801
3253.115234
3323.909668
3395.840820
3468.921143
3543.162598
3618.576660
3695.176270
3772.972656
3851.979004
3932.207520
4013.670166
4096.379395
4180.348145
4265.588379
4352.113281
4439.935059
4529.066895
4619.521484
4711.311523
4804.449707
4898.949707
4994.824219
5092.086426
5190.749023
5290.826172
5392.331055
5495.275879
5599.675293
5705.541992
5812.890625
5921.733398
6032.084961
6143.958496
6257.369629
6372.329102
6488.852539
6606.953125
6726.645508
6847.944824
6970.863281
7095.416016
7221.618164
7349.482422
7479.024414
7610.257813
7743.197266
7877.858398
8014.254883
8152.401367
8292.312500
8434.003906
8577.490234
8722.787109
8869.907227
9018.868164
9169.683594
9322.369141
9476.940430
9633.412109
9791.800781
9952.121094
10114.388672
10278.617188
10444.826172
10613.028320
10783.240234
10955.477539
11129.756836
11306.093750
11484.503906
11665.003906
11847.609375
12032.335938
12219.201172
12408.220703
12599.411133
12792.789063
12988.371094
13186.172852
13386.210938
13588.503906
13793.066406


